resources/images/flame/flame
imageMaxCount 6
imageSizeWidth,Height 12 12
playerPositionX,Y
0 152
2 152
5 152
10 152
12 152
15 152
17 152
20 152
22 152
25 152
27 152
30 152
32 152
35 152
37 152
39 152
40 152
42 152
45 152
47 152
50 152
52 152
55 152
57 152
60 152
62 152
65 152
67 152
70 152
72 152
75 152
77 152
80 152
82 152
85 152
87 152
90 152
92 152
95 152
97 152
100 152
102 152
105 152
107 152
110 152
112 152
115 152
117 152
120 152
122 152
125 152
127 152
130 152
132 152
135 152
137 152
140 152
142 152
145 152
147 152
150 152
152 152
155 152
157 152
160 152
162 152
165 152
167 152
170 152
172 152
175 152
177 152
180 152
182 152
185 152
187 152
190 152
192 152
195 152
197 152
200 152
202 152
205 152
207 152
210 152
212 152
215 152
217 152
220 152
222 152
225 152
227 152
230 152
232 152
235 152
237 152
