0 0 0 0
20 0 0 0
40 0 0 0
60 0 0 0
80 0 0 0
100 0 0 0
120 0 0 0
140 0 0 0
160 0 0 0
180 0 0 0
200 0 0 0
220 0 0 0
240 0 0 0
260 0 0 0
280 0 0 0
300 0 0 0
320 0 0 0
340 0 0 0
360 0 0 0
380 0 0 0
400 0 0 0
420 0 0 0
440 0 0 0
460 0 0 0
480 0 0 0
500 0 0 0
520 0 1 0
540 0 0 0
560 0 0 1
580 0 0 0
600 0 0 0
620 0 0 0
640 0 0 0
660 0 0 0
680 0 0 0
700 0 0 0
720 0 0 0
740 0 0 0
760 0 0 0
780 0 0 0
800 0 0 0
820 0 0 0
840 0 0 0
860 0 0 0
880 0 0 0
900 0 0 0
920 0 1 0
940 0 0 0
960 0 0 0
980 0 0 0
1000 0 0 0
0 20 0 1
20 20 0 0
40 20 0 0
60 20 0 0
80 20 1 0
100 20 0 0
120 20 0 1
140 20 0 0
160 20 0 0
180 20 0 0
200 20 0 0
220 20 0 1
240 20 0 0
260 20 1 0
280 20 0 0
300 20 1 0
320 20 0 0
340 20 0 0
360 20 0 0
380 20 0 0
400 20 0 0
420 20 0 0
440 20 0 0
460 20 0 0
480 20 0 0
500 20 0 0
520 20 1 0
540 20 0 0
560 20 0 0
580 20 0 0
600 20 0 0
620 20 1 0
640 20 0 0
660 20 0 0
680 20 0 0
700 20 0 0
720 20 0 0
740 20 0 0
760 20 0 0
780 20 0 0
800 20 0 0
820 20 0 0
840 20 0 0
860 20 0 0
880 20 0 0
900 20 0 0
920 20 0 0
940 20 0 0
960 20 0 0
980 20 0 0
1000 20 1 0
0 40 0 0
20 40 0 0
40 40 0 0
60 40 0 0
80 40 0 0
100 40 0 0
120 40 0 0
140 40 0 0
160 40 0 0
180 40 0 0
200 40 0 0
220 40 0 0
240 40 0 0
260 40 0 0
280 40 0 0
300 40 0 0
320 40 0 0
340 40 0 0
360 40 0 0
380 40 0 0
400 40 0 0
420 40 0 0
440 40 0 0
460 40 0 0
480 40 0 0
500 40 0 0
520 40 0 0
540 40 0 0
560 40 1 0
580 40 0 0
600 40 0 0
620 40 0 0
640 40 0 0
660 40 0 0
680 40 0 0
700 40 0 0
720 40 0 0
740 40 0 0
760 40 0 0
780 40 0 0
800 40 0 0
820 40 0 0
840 40 0 0
860 40 0 0
880 40 0 0
900 40 1 0
920 40 0 0
940 40 0 0
960 40 0 0
980 40 0 0
1000 40 0 0
0 60 0 0
20 60 0 0
40 60 0 0
60 60 0 0
80 60 0 0
100 60 0 0
120 60 0 0
140 60 0 0
160 60 0 0
180 60 0 0
200 60 0 0
220 60 0 0
240 60 0 0
260 60 0 0
280 60 0 0
300 60 0 0
320 60 0 0
340 60 1 0
360 60 0 0
380 60 0 0
400 60 0 0
420 60 0 0
440 60 0 0
460 60 0 0
480 60 0 0
500 60 0 0
520 60 0 0
540 60 0 0
560 60 0 0
580 60 0 0
600 60 0 0
620 60 0 0
640 60 0 0
660 60 0 0
680 60 0 0
700 60 0 0
720 60 0 0
740 60 1 0
760 60 0 0
780 60 0 0
800 60 0 0
820 60 0 0
840 60 0 0
860 60 0 0
880 60 0 0
900 60 0 0
920 60 0 1
940 60 0 0
960 60 0 0
980 60 0 0
1000 60 0 0
0 80 0 0
20 80 0 0
40 80 0 0
60 80 0 0
80 80 0 0
100 80 0 0
120 80 0 0
140 80 1 0
160 80 0 0
180 80 0 0
200 80 0 0
220 80 0 0
240 80 0 0
260 80 1 0
280 80 0 0
300 80 0 0
320 80 0 0
340 80 0 0
360 80 1 0
380 80 0 0
400 80 1 0
420 80 0 0
440 80 0 0
460 80 0 0
480 80 0 0
500 80 0 0
520 80 0 0
540 80 0 0
560 80 0 0
580 80 0 0
600 80 1 0
620 80 0 0
640 80 0 0
660 80 0 0
680 80 0 0
700 80 0 0
720 80 0 0
740 80 0 0
760 80 0 1
780 80 0 0
800 80 1 0
820 80 0 0
840 80 0 0
860 80 0 0
880 80 0 0
900 80 0 0
920 80 0 0
940 80 0 0
960 80 0 0
980 80 0 0
1000 80 0 0
0 100 0 0
20 100 0 0
40 100 0 0
60 100 0 0
80 100 0 0
100 100 0 0
120 100 0 0
140 100 1 0
160 100 0 0
180 100 0 0
200 100 0 0
220 100 0 0
240 100 1 0
260 100 0 0
280 100 0 0
300 100 0 0
320 100 0 0
340 100 0 0
360 100 0 0
380 100 1 0
400 100 0 0
420 100 1 0
440 100 0 0
460 100 0 0
480 100 0 0
500 100 0 0
520 100 0 0
540 100 0 0
560 100 0 0
580 100 1 0
600 100 0 0
620 100 1 0
640 100 0 0
660 100 0 1
680 100 0 0
700 100 0 0
720 100 1 0
740 100 0 0
760 100 0 0
780 100 0 0
800 100 1 0
820 100 0 0
840 100 0 0
860 100 0 0
880 100 0 0
900 100 1 0
920 100 0 0
940 100 0 0
960 100 0 1
980 100 0 0
1000 100 0 0
0 120 0 0
20 120 0 0
40 120 1 0
60 120 0 0
80 120 0 0
100 120 0 0
120 120 0 0
140 120 0 0
160 120 0 0
180 120 0 0
200 120 1 0
220 120 0 0
240 120 0 0
260 120 0 0
280 120 0 0
300 120 0 0
320 120 0 0
340 120 0 0
360 120 0 0
380 120 0 0
400 120 0 0
420 120 1 0
440 120 0 0
460 120 0 1
480 120 0 0
500 120 0 0
520 120 0 0
540 120 0 0
560 120 0 0
580 120 0 0
600 120 0 0
620 120 0 1
640 120 0 0
660 120 0 0
680 120 0 0
700 120 0 0
720 120 0 0
740 120 1 0
760 120 0 0
780 120 0 0
800 120 0 0
820 120 0 0
840 120 0 0
860 120 0 0
880 120 0 0
900 120 0 0
920 120 0 0
940 120 0 0
960 120 1 0
980 120 0 0
1000 120 0 0
0 140 0 0
20 140 0 0
40 140 0 0
60 140 0 0
80 140 0 0
100 140 0 0
120 140 0 0
140 140 0 0
160 140 0 0
180 140 0 0
200 140 0 0
220 140 0 0
240 140 1 0
260 140 1 0
280 140 0 0
300 140 0 0
320 140 0 0
340 140 0 0
360 140 0 0
380 140 0 0
400 140 0 0
420 140 0 0
440 140 0 0
460 140 1 0
480 140 0 0
500 140 0 0
520 140 0 0
540 140 1 0
560 140 0 0
580 140 0 0
600 140 0 0
620 140 0 0
640 140 0 0
660 140 0 0
680 140 0 0
700 140 0 0
720 140 0 0
740 140 0 0
760 140 0 1
780 140 0 1
800 140 0 0
820 140 0 0
840 140 0 0
860 140 0 0
880 140 0 0
900 140 0 0
920 140 1 0
940 140 0 0
960 140 1 0
980 140 1 0
1000 140 0 0
0 160 0 0
20 160 0 0
40 160 0 0
60 160 0 0
80 160 0 0
100 160 0 0
120 160 0 0
140 160 0 0
160 160 0 0
180 160 0 0
200 160 0 0
220 160 0 0
240 160 0 0
260 160 0 0
280 160 0 0
300 160 0 0
320 160 1 0
340 160 0 0
360 160 0 0
380 160 0 0
400 160 0 0
420 160 0 0
440 160 0 0
460 160 0 0
480 160 0 0
500 160 0 0
520 160 0 0
540 160 0 0
560 160 0 0
580 160 0 0
600 160 0 0
620 160 1 0
640 160 0 0
660 160 0 0
680 160 0 0
700 160 0 0
720 160 0 0
740 160 0 1
760 160 0 0
780 160 0 0
800 160 0 0
820 160 0 0
840 160 0 0
860 160 0 0
880 160 0 0
900 160 0 0
920 160 0 0
940 160 0 0
960 160 0 0
980 160 0 0
1000 160 0 0
0 180 0 0
20 180 0 0
40 180 0 0
60 180 0 0
80 180 0 0
100 180 1 0
120 180 0 1
140 180 0 0
160 180 0 0
180 180 0 0
200 180 0 0
220 180 0 0
240 180 0 0
260 180 0 0
280 180 0 0
300 180 1 0
320 180 0 0
340 180 0 0
360 180 0 0
380 180 0 0
400 180 0 0
420 180 0 0
440 180 0 0
460 180 0 0
480 180 0 0
500 180 0 0
520 180 0 0
540 180 0 0
560 180 0 0
580 180 0 0
600 180 0 0
620 180 0 0
640 180 0 0
660 180 0 0
680 180 0 0
700 180 0 0
720 180 0 0
740 180 0 0
760 180 0 0
780 180 0 0
800 180 0 0
820 180 0 0
840 180 0 0
860 180 0 0
880 180 0 0
900 180 0 0
920 180 0 0
940 180 0 0
960 180 1 0
980 180 0 0
1000 180 0 0
0 200 0 0
20 200 1 0
40 200 0 0
60 200 0 0
80 200 0 0
100 200 0 0
120 200 1 0
140 200 0 0
160 200 0 0
180 200 1 0
200 200 0 0
220 200 1 0
240 200 0 0
260 200 0 1
280 200 0 0
300 200 0 0
320 200 0 0
340 200 0 0
360 200 1 0
380 200 0 0
400 200 0 0
420 200 0 0
440 200 0 0
460 200 0 0
480 200 1 0
500 200 0 0
520 200 0 0
540 200 0 0
560 200 0 0
580 200 0 0
600 200 0 0
620 200 0 0
640 200 0 0
660 200 0 0
680 200 0 0
700 200 1 0
720 200 1 0
740 200 0 0
760 200 0 0
780 200 0 0
800 200 0 0
820 200 0 0
840 200 0 0
860 200 0 0
880 200 0 0
900 200 1 0
920 200 0 0
940 200 0 0
960 200 1 0
980 200 0 0
1000 200 0 0
0 220 0 0
20 220 0 0
40 220 0 0
60 220 0 0
80 220 0 0
100 220 1 0
120 220 0 0
140 220 0 0
160 220 0 0
180 220 0 0
200 220 0 0
220 220 0 0
240 220 0 0
260 220 0 0
280 220 0 0
300 220 0 0
320 220 0 0
340 220 0 0
360 220 0 0
380 220 0 1
400 220 0 0
420 220 0 0
440 220 0 0
460 220 1 0
480 220 0 0
500 220 0 0
520 220 0 0
540 220 0 0
560 220 1 0
580 220 0 0
600 220 0 0
620 220 0 0
640 220 0 0
660 220 0 0
680 220 0 0
700 220 0 0
720 220 0 0
740 220 0 0
760 220 0 0
780 220 0 1
800 220 0 0
820 220 1 0
840 220 0 0
860 220 0 0
880 220 1 0
900 220 0 0
920 220 0 0
940 220 0 0
960 220 0 0
980 220 0 0
1000 220 0 0
0 240 0 0
20 240 0 0
40 240 0 0
60 240 0 0
80 240 0 0
100 240 0 0
120 240 0 0
140 240 0 0
160 240 0 0
180 240 0 0
200 240 1 0
220 240 1 0
240 240 0 0
260 240 0 0
280 240 0 0
300 240 0 0
320 240 0 0
340 240 0 0
360 240 0 0
380 240 0 0
400 240 0 0
420 240 0 0
440 240 0 1
460 240 0 0
480 240 0 0
500 240 0 0
520 240 0 0
540 240 0 0
560 240 0 0
580 240 0 0
600 240 0 0
620 240 0 0
640 240 0 0
660 240 0 0
680 240 1 0
700 240 0 0
720 240 0 0
740 240 0 0
760 240 0 0
780 240 0 0
800 240 0 0
820 240 0 0
840 240 0 0
860 240 0 0
880 240 0 0
900 240 0 0
920 240 0 0
940 240 0 0
960 240 0 0
980 240 0 0
1000 240 0 0
0 260 0 0
20 260 0 0
40 260 0 0
60 260 1 0
80 260 0 0
100 260 0 0
120 260 0 0
140 260 0 0
160 260 0 0
180 260 0 0
200 260 0 0
220 260 0 0
240 260 0 0
260 260 0 0
280 260 0 0
300 260 1 0
320 260 0 0
340 260 0 0
360 260 0 0
380 260 0 0
400 260 0 1
420 260 0 0
440 260 0 0
460 260 0 0
480 260 0 0
500 260 0 0
520 260 0 0
540 260 1 0
560 260 0 0
580 260 0 0
600 260 0 0
620 260 0 0
640 260 0 0
660 260 0 0
680 260 0 0
700 260 0 0
720 260 0 0
740 260 1 0
760 260 0 0
780 260 1 0
800 260 0 0
820 260 0 1
840 260 0 0
860 260 0 0
880 260 0 0
900 260 0 0
920 260 0 0
940 260 0 0
960 260 0 0
980 260 1 0
1000 260 0 0
0 280 0 0
20 280 0 0
40 280 1 0
60 280 0 0
80 280 1 0
100 280 0 0
120 280 0 1
140 280 0 0
160 280 0 0
180 280 0 0
200 280 0 0
220 280 1 0
240 280 0 0
260 280 0 0
280 280 0 1
300 280 0 0
320 280 0 0
340 280 0 0
360 280 1 0
380 280 1 0
400 280 0 0
420 280 1 0
440 280 0 0
460 280 0 0
480 280 0 0
500 280 0 0
520 280 0 0
540 280 0 0
560 280 0 0
580 280 0 0
600 280 0 0
620 280 0 0
640 280 0 0
660 280 1 0
680 280 0 0
700 280 0 0
720 280 0 0
740 280 0 0
760 280 0 0
780 280 0 0
800 280 0 0
820 280 0 0
840 280 0 0
860 280 0 0
880 280 0 0
900 280 0 0
920 280 0 0
940 280 0 0
960 280 0 0
980 280 0 0
1000 280 0 0
0 300 0 0
20 300 0 0
40 300 0 0
60 300 0 0
80 300 0 0
100 300 0 0
120 300 1 0
140 300 0 0
160 300 0 0
180 300 0 1
200 300 0 0
220 300 0 0
240 300 0 0
260 300 1 0
280 300 0 0
300 300 0 0
320 300 0 0
340 300 0 0
360 300 0 0
380 300 0 0
400 300 0 0
420 300 0 0
440 300 1 0
460 300 1 0
480 300 0 0
500 300 0 0
520 300 1 0
540 300 1 0
560 300 0 0
580 300 1 0
600 300 1 0
620 300 0 0
640 300 0 0
660 300 0 0
680 300 0 0
700 300 0 0
720 300 0 0
740 300 0 0
760 300 0 0
780 300 0 0
800 300 0 0
820 300 0 0
840 300 0 0
860 300 0 0
880 300 0 0
900 300 0 0
920 300 0 0
940 300 0 1
960 300 0 0
980 300 0 0
1000 300 0 0
0 320 1 0
20 320 0 0
40 320 0 0
60 320 1 0
80 320 0 0
100 320 0 0
120 320 0 0
140 320 0 0
160 320 0 0
180 320 0 0
200 320 0 0
220 320 0 0
240 320 0 0
260 320 0 0
280 320 0 0
300 320 0 0
320 320 0 0
340 320 1 0
360 320 0 0
380 320 0 0
400 320 0 0
420 320 0 0
440 320 0 0
460 320 0 0
480 320 0 0
500 320 0 0
520 320 0 0
540 320 0 0
560 320 0 0
580 320 0 0
600 320 0 0
620 320 0 0
640 320 0 0
660 320 0 0
680 320 0 0
700 320 0 0
720 320 0 0
740 320 0 0
760 320 0 0
780 320 0 0
800 320 0 0
820 320 0 0
840 320 0 0
860 320 0 0
880 320 0 0
900 320 0 1
920 320 0 0
940 320 0 0
960 320 0 0
980 320 0 0
1000 320 0 0
0 340 0 0
20 340 0 0
40 340 0 0
60 340 1 0
80 340 0 0
100 340 0 0
120 340 0 0
140 340 0 0
160 340 0 0
180 340 0 0
200 340 0 0
220 340 0 0
240 340 0 0
260 340 0 0
280 340 1 0
300 340 0 0
320 340 0 0
340 340 0 0
360 340 0 0
380 340 0 0
400 340 0 0
420 340 0 0
440 340 0 1
460 340 0 0
480 340 0 0
500 340 0 0
520 340 1 0
540 340 0 0
560 340 0 0
580 340 0 0
600 340 0 0
620 340 0 0
640 340 0 0
660 340 0 0
680 340 0 0
700 340 0 0
720 340 0 0
740 340 0 0
760 340 0 0
780 340 0 0
800 340 0 0
820 340 0 0
840 340 0 0
860 340 0 0
880 340 1 0
900 340 0 0
920 340 1 0
940 340 0 0
960 340 0 0
980 340 0 0
1000 340 0 0
0 360 0 0
20 360 0 0
40 360 0 0
60 360 0 0
80 360 0 0
100 360 0 0
120 360 0 0
140 360 0 0
160 360 0 0
180 360 0 0
200 360 0 0
220 360 0 0
240 360 0 0
260 360 0 0
280 360 0 0
300 360 1 0
320 360 0 0
340 360 0 0
360 360 0 0
380 360 0 0
400 360 0 0
420 360 0 0
440 360 0 0
460 360 0 0
480 360 0 0
500 360 0 0
520 360 0 0
540 360 0 0
560 360 0 0
580 360 0 0
600 360 0 1
620 360 0 0
640 360 0 0
660 360 0 0
680 360 0 1
700 360 1 0
720 360 0 0
740 360 0 0
760 360 0 0
780 360 0 0
800 360 0 1
820 360 0 0
840 360 0 0
860 360 1 0
880 360 0 0
900 360 0 0
920 360 1 0
940 360 0 0
960 360 0 0
980 360 0 0
1000 360 0 0
0 380 0 0
20 380 0 0
40 380 0 0
60 380 0 0
80 380 0 0
100 380 0 0
120 380 0 0
140 380 0 0
160 380 0 0
180 380 0 0
200 380 0 0
220 380 0 0
240 380 0 0
260 380 0 0
280 380 0 0
300 380 1 0
320 380 0 0
340 380 0 0
360 380 0 0
380 380 0 0
400 380 0 0
420 380 0 0
440 380 0 0
460 380 0 0
480 380 0 0
500 380 0 0
520 380 0 0
540 380 0 0
560 380 1 0
580 380 0 0
600 380 0 0
620 380 0 0
640 380 0 0
660 380 0 0
680 380 0 0
700 380 0 0
720 380 1 0
740 380 0 0
760 380 0 0
780 380 0 0
800 380 0 0
820 380 0 0
840 380 0 0
860 380 0 0
880 380 0 0
900 380 0 0
920 380 0 0
940 380 0 0
960 380 0 0
980 380 0 0
1000 380 1 1
0 400 0 0
20 400 0 0
40 400 0 0
60 400 0 0
80 400 0 0
100 400 0 0
120 400 0 0
140 400 1 0
160 400 0 1
180 400 0 0
200 400 1 0
220 400 0 0
240 400 0 0
260 400 0 0
280 400 0 0
300 400 0 0
320 400 1 0
340 400 0 0
360 400 0 0
380 400 0 0
400 400 0 0
420 400 0 0
440 400 0 0
460 400 0 0
480 400 0 0
500 400 0 0
520 400 0 0
540 400 0 0
560 400 0 0
580 400 0 1
600 400 1 0
620 400 0 0
640 400 0 0
660 400 0 0
680 400 0 0
700 400 0 1
720 400 0 0
740 400 1 0
760 400 0 0
780 400 0 0
800 400 0 0
820 400 0 0
840 400 0 0
860 400 0 0
880 400 0 0
900 400 0 0
920 400 1 0
940 400 0 0
960 400 0 0
980 400 0 0
1000 400 0 0
0 420 0 0
20 420 0 0
40 420 0 0
60 420 0 0
80 420 0 0
100 420 0 0
120 420 0 0
140 420 0 0
160 420 0 0
180 420 0 0
200 420 0 0
220 420 0 0
240 420 1 0
260 420 0 0
280 420 0 0
300 420 0 0
320 420 0 0
340 420 0 0
360 420 0 0
380 420 0 0
400 420 1 0
420 420 0 0
440 420 0 0
460 420 0 0
480 420 0 0
500 420 0 0
520 420 0 0
540 420 0 0
560 420 0 0
580 420 0 1
600 420 0 0
620 420 0 0
640 420 0 0
660 420 0 0
680 420 0 1
700 420 0 0
720 420 0 0
740 420 0 0
760 420 0 0
780 420 0 0
800 420 1 0
820 420 0 0
840 420 0 0
860 420 0 0
880 420 0 0
900 420 0 0
920 420 1 0
940 420 0 0
960 420 1 0
980 420 0 0
1000 420 1 0
0 440 0 0
20 440 0 0
40 440 0 0
60 440 0 0
80 440 0 0
100 440 0 0
120 440 0 0
140 440 0 0
160 440 0 0
180 440 0 0
200 440 0 0
220 440 0 0
240 440 0 0
260 440 0 0
280 440 0 0
300 440 0 0
320 440 0 0
340 440 0 0
360 440 0 0
380 440 0 0
400 440 1 0
420 440 0 0
440 440 0 0
460 440 0 0
480 440 0 0
500 440 0 0
520 440 0 1
540 440 0 0
560 440 0 0
580 440 0 0
600 440 0 0
620 440 0 0
640 440 0 0
660 440 0 0
680 440 0 0
700 440 0 0
720 440 0 0
740 440 0 0
760 440 0 0
780 440 1 0
800 440 0 0
820 440 0 0
840 440 0 0
860 440 0 0
880 440 0 0
900 440 1 0
920 440 1 0
940 440 0 0
960 440 0 0
980 440 0 1
1000 440 0 0
0 460 0 0
20 460 0 0
40 460 0 0
60 460 1 0
80 460 0 0
100 460 0 0
120 460 0 0
140 460 0 0
160 460 0 0
180 460 0 0
200 460 0 0
220 460 0 0
240 460 1 0
260 460 0 0
280 460 0 0
300 460 0 0
320 460 1 0
340 460 0 0
360 460 0 0
380 460 0 0
400 460 0 0
420 460 0 0
440 460 1 0
460 460 0 0
480 460 1 0
500 460 0 0
520 460 0 0
540 460 0 0
560 460 0 0
580 460 0 0
600 460 0 0
620 460 0 0
640 460 0 0
660 460 0 0
680 460 0 0
700 460 0 0
720 460 0 0
740 460 0 0
760 460 1 0
780 460 0 0
800 460 0 0
820 460 1 0
840 460 0 0
860 460 1 0
880 460 1 0
900 460 1 0
920 460 0 0
940 460 1 0
960 460 0 0
980 460 0 0
1000 460 0 0
0 480 0 0
20 480 0 0
40 480 0 0
60 480 0 0
80 480 0 0
100 480 0 0
120 480 0 0
140 480 1 0
160 480 1 1
180 480 0 1
200 480 1 0
220 480 0 0
240 480 0 0
260 480 0 0
280 480 0 0
300 480 0 0
320 480 0 0
340 480 0 0
360 480 1 0
380 480 0 0
400 480 0 0
420 480 0 0
440 480 0 0
460 480 0 0
480 480 0 0
500 480 0 0
520 480 0 0
540 480 0 0
560 480 0 0
580 480 0 0
600 480 0 0
620 480 0 0
640 480 0 0
660 480 0 0
680 480 1 0
700 480 0 0
720 480 0 0
740 480 0 0
760 480 0 0
780 480 0 0
800 480 0 0
820 480 0 0
840 480 0 0
860 480 0 0
880 480 0 0
900 480 0 0
920 480 1 0
940 480 0 0
960 480 0 0
980 480 0 0
1000 480 0 0
0 500 0 0
20 500 0 0
40 500 0 0
60 500 0 0
80 500 0 0
100 500 0 0
120 500 0 0
140 500 1 0
160 500 0 0
180 500 0 0
200 500 0 0
220 500 0 0
240 500 0 0
260 500 0 0
280 500 0 0
300 500 0 0
320 500 0 0
340 500 0 0
360 500 0 0
380 500 0 1
400 500 0 0
420 500 0 1
440 500 0 0
460 500 0 0
480 500 0 0
500 500 0 0
520 500 0 0
540 500 0 0
560 500 1 0
580 500 0 0
600 500 0 0
620 500 0 0
640 500 0 0
660 500 0 0
680 500 1 0
700 500 0 0
720 500 0 0
740 500 0 0
760 500 0 0
780 500 0 0
800 500 1 0
820 500 0 0
840 500 0 0
860 500 0 0
880 500 0 0
900 500 0 0
920 500 1 0
940 500 0 0
960 500 0 0
980 500 0 0
1000 500 0 1
0 520 0 0
20 520 0 0
40 520 0 0
60 520 1 0
80 520 0 0
100 520 0 0
120 520 0 0
140 520 0 0
160 520 0 0
180 520 0 0
200 520 0 0
220 520 0 0
240 520 0 0
260 520 0 0
280 520 1 0
300 520 0 0
320 520 0 0
340 520 0 0
360 520 0 0
380 520 0 0
400 520 0 0
420 520 0 0
440 520 0 0
460 520 0 0
480 520 0 0
500 520 0 0
520 520 0 0
540 520 0 0
560 520 0 0
580 520 0 0
600 520 1 0
620 520 0 0
640 520 0 0
660 520 0 0
680 520 0 0
700 520 1 0
720 520 0 0
740 520 0 0
760 520 0 0
780 520 0 0
800 520 0 0
820 520 0 0
840 520 0 0
860 520 1 1
880 520 0 0
900 520 0 0
920 520 0 0
940 520 1 0
960 520 0 0
980 520 0 0
1000 520 0 0
0 540 0 0
20 540 0 0
40 540 1 0
60 540 0 0
80 540 0 0
100 540 0 0
120 540 0 0
140 540 0 0
160 540 0 0
180 540 0 0
200 540 0 0
220 540 0 0
240 540 1 0
260 540 0 0
280 540 0 1
300 540 0 0
320 540 0 0
340 540 1 0
360 540 0 1
380 540 0 0
400 540 0 0
420 540 0 0
440 540 0 0
460 540 0 0
480 540 1 0
500 540 0 0
520 540 0 0
540 540 0 0
560 540 0 0
580 540 0 0
600 540 0 0
620 540 0 0
640 540 0 0
660 540 0 0
680 540 0 0
700 540 0 0
720 540 0 0
740 540 0 0
760 540 0 0
780 540 0 0
800 540 0 0
820 540 0 0
840 540 0 0
860 540 0 0
880 540 0 0
900 540 0 0
920 540 0 0
940 540 0 0
960 540 0 0
980 540 0 0
1000 540 0 0
0 560 0 0
20 560 0 0
40 560 0 0
60 560 0 0
80 560 1 0
100 560 0 0
120 560 0 1
140 560 1 0
160 560 0 0
180 560 0 0
200 560 1 0
220 560 0 0
240 560 0 0
260 560 0 0
280 560 0 0
300 560 0 0
320 560 0 0
340 560 0 0
360 560 0 0
380 560 0 0
400 560 0 0
420 560 0 0
440 560 0 0
460 560 0 0
480 560 0 0
500 560 0 0
520 560 0 0
540 560 0 1
560 560 0 0
580 560 0 0
600 560 1 0
620 560 0 0
640 560 0 0
660 560 0 0
680 560 0 0
700 560 0 0
720 560 0 0
740 560 0 0
760 560 0 0
780 560 0 0
800 560 0 0
820 560 0 0
840 560 0 0
860 560 0 0
880 560 0 0
900 560 1 0
920 560 0 0
940 560 0 0
960 560 0 0
980 560 0 0
1000 560 0 0
0 580 0 0
20 580 1 0
40 580 0 0
60 580 0 0
80 580 0 0
100 580 0 0
120 580 0 0
140 580 1 0
160 580 0 0
180 580 0 0
200 580 0 0
220 580 0 0
240 580 0 0
260 580 0 0
280 580 0 0
300 580 0 0
320 580 0 0
340 580 0 0
360 580 0 0
380 580 0 0
400 580 0 0
420 580 0 0
440 580 1 0
460 580 0 0
480 580 0 0
500 580 1 0
520 580 0 0
540 580 0 0
560 580 0 0
580 580 0 0
600 580 1 0
620 580 0 0
640 580 0 0
660 580 0 0
680 580 0 0
700 580 1 0
720 580 0 0
740 580 0 0
760 580 0 0
780 580 0 0
800 580 0 0
820 580 0 0
840 580 0 0
860 580 0 0
880 580 0 0
900 580 0 0
920 580 0 0
940 580 0 0
960 580 0 0
980 580 0 0
1000 580 0 0
0 600 0 0
20 600 0 0
40 600 0 0
60 600 0 0
80 600 0 0
100 600 1 0
120 600 1 0
140 600 1 0
160 600 1 0
180 600 1 0
200 600 0 0
220 600 0 0
240 600 0 0
260 600 0 0
280 600 0 0
300 600 0 0
320 600 0 0
340 600 0 0
360 600 0 0
380 600 0 0
400 600 0 1
420 600 0 0
440 600 0 0
460 600 0 0
480 600 0 0
500 600 0 0
520 600 0 0
540 600 0 0
560 600 0 0
580 600 0 0
600 600 0 0
620 600 0 0
640 600 0 0
660 600 0 0
680 600 0 0
700 600 0 0
720 600 0 0
740 600 1 0
760 600 0 0
780 600 0 0
800 600 0 0
820 600 0 0
840 600 0 1
860 600 0 0
880 600 0 0
900 600 0 0
920 600 0 0
940 600 1 0
960 600 0 0
980 600 0 0
1000 600 0 1
